function x0 = X0

%Initial conditions vector for NSCLC cells
	x0=zeros(21,1);
	x0(1) = 800000.0;
	x0(2) = 120000.0;
	x0(3) = 0.0;
	x0(4) = 120000.0;
	x0(5) = 0.0;
	x0(6) = 0.0;
	x0(7) = 600000.0;
	x0(8) = 0.0;
	x0(9) = 400000.0;
	x0(10) = 120000.0;
	x0(11) = 0.0;
	x0(12) = 0.0;
	x0(13) = 600000.0;
	x0(14) = 120000.0;
	x0(15) = 120000.0;
	x0(16) = 0.0;
	x0(17) = 600000.0;
	x0(18) = 120000.0;
	x0(19) = 120000.0;
	x0(20) = 120000.0;
	x0(21) = 0.0;
    
end