function xnp0 = Xnp0

%Initial conditions vector for Wild type cells
	xnp0=zeros(21,1);
	xnp0(1) = 8000.0;
	xnp0(2) = 120000.0;
	xnp0(3) = 0.0;
	xnp0(4) = 120000.0;
	xnp0(5) = 0.0;
	xnp0(6) = 0.0;
	xnp0(7) = 600000.0;
	xnp0(8) = 0.0;
	xnp0(9) = 800.0;
	xnp0(10) = 120000.0;
	xnp0(11) = 0.0;
	xnp0(12) = 0.0;
	xnp0(13) = 600000.0;
	xnp0(14) = 120000.0;
	xnp0(15) = 120000.0;
	xnp0(16) = 0.0;
	xnp0(17) = 600000.0;
	xnp0(18) = 120000.0;
	xnp0(19) = 120000.0;
	xnp0(20) = 120000.0;
	xnp0(21) = 0.0;
    
end