function xT = XT

% total consentrations of each molecule after excitation

xT=zeros(21,1);
	xT(1) = 0;
	xT(2) = 120000.0;
	xT(3) = 0.0;
	xT(4) = 120000.0;
	xT(5) = 0.0;
	xT(6) = 0.0;
	xT(7) = 600000.0;
	xT(8) = 0.0;
	xT(9) = 0;
	xT(10) = 120000.0;
	xT(11) = 0.0;
	xT(12) = 0.0;
	xT(13) = 600000.0;
	xT(14) = 120000.0;
	xT(15) = 120000.0;
	xT(16) = 0.0;
	xT(17) = 600000.0;
	xT(18) = 120000.0;
	xT(19) = 120000.0;
	xT(20) = 120000.0;
	xT(21) = 0.0;

end